# Covariance matrices as a named list of 4x4 matrices
# IMPORTANT: Column order is [intercept, duration_effect, defol_effect, rfq_effect]
alfalfa_cov_matrix <- list(
  Aproach = matrix(
    c(
      7.22149533e-03,
      -6.21496828e-03,
      -1.16431661e-04,
      -6.90686863e-05,
      -6.21496828e-03,
      6.62433324e-03,
      1.73167870e-05,
      4.49448314e-05,
      -1.16431661e-04,
      1.73167870e-05,
      1.77656038e-05,
      -2.32333702e-06,
      -6.90686863e-05,
      4.49448314e-05,
      -2.32333702e-06,
      9.06179291e-06
    ),
    nrow = 4,
    byrow = TRUE
  ),

  `Aproach fb Fontelis` = matrix(
    c(
      9.40968076e-03,
      -7.89324894e-03,
      -3.20014034e-04,
      7.97360542e-06,
      -7.89324894e-03,
      8.26243298e-03,
      1.28435897e-04,
      -3.35816048e-05,
      -3.20014034e-04,
      1.28435897e-04,
      3.94163146e-05,
      1.55356808e-07,
      7.97360542e-06,
      -3.35816048e-05,
      1.55356808e-07,
      5.89210813e-06
    ),
    nrow = 4,
    byrow = TRUE
  ),

  Fontelis = matrix(
    c(
      1.77491837e-03,
      -1.66825396e-03,
      -1.39874576e-05,
      2.71852604e-05,
      -1.66825396e-03,
      1.77799877e-03,
      8.56988007e-06,
      -1.88955310e-05,
      -1.39874576e-05,
      8.56988007e-06,
      2.23303183e-06,
      -3.53072630e-09,
      2.71852604e-05,
      -1.88955310e-05,
      -3.53072630e-09,
      3.09287713e-06
    ),
    nrow = 4,
    byrow = TRUE
  ),

  Headline = matrix(
    c(
      2.53402054e-03,
      -2.33391340e-03,
      -3.46389643e-05,
      -8.92709689e-06,
      -2.33391340e-03,
      3.60584218e-03,
      -4.75246549e-05,
      -3.98468329e-06,
      -3.46389643e-05,
      -4.75246549e-05,
      1.62267401e-05,
      -3.94687967e-07,
      -8.92709689e-06,
      -3.98468329e-06,
      -3.94687967e-07,
      5.90379681e-06
    ),
    nrow = 4,
    byrow = TRUE
  ),

  Priaxor = matrix(
    c(
      1.24379920e-03,
      -1.13852933e-03,
      -1.36087452e-05,
      -6.28126888e-06,
      -1.13852933e-03,
      1.80065437e-03,
      -2.25736010e-05,
      6.16547551e-06,
      -1.36087452e-05,
      -2.25736010e-05,
      4.79641507e-06,
      -1.02141748e-07,
      -6.28126888e-06,
      6.16547551e-06,
      -1.02141748e-07,
      2.23306058e-06
    ),
    nrow = 4,
    byrow = TRUE
  ),

  Quadris = matrix(
    c(
      1.43104113e-03,
      -1.37797018e-03,
      -2.29295735e-05,
      7.64862385e-06,
      -1.37797018e-03,
      1.95102773e-03,
      -4.11686133e-06,
      -9.19533757e-06,
      -2.29295735e-05,
      -4.11686133e-06,
      1.24231487e-05,
      1.21890656e-06,
      7.64862385e-06,
      -9.19533757e-06,
      1.21890656e-06,
      3.59697885e-06
    ),
    nrow = 4,
    byrow = TRUE
  )
)
