# Covariance matrices as a named list of 4x4 matrices
# IMPORTANT: Column order is [intercept, duration_effect, defol_effect, rfq_effect]
alfalfa_cov_matrix <- list(
  `Aproach` = matrix(
    c(
      6.73630742e-03,
      -5.79740553e-03,
      1.08609010e-04,
      -6.44281943e-05,
      -5.79740553e-03,
      6.17926664e-03,
      -1.61533305e-05,
      4.19251398e-05,
      1.08609010e-04,
      -1.61533305e-05,
      1.65719928e-05,
      2.16723984e-06,
      -6.44281943e-05,
      4.19251398e-05,
      2.16723984e-06,
      8.45296162e-06
    ),
    nrow = 4,
    byrow = TRUE
  ),

  `Aproach fb Fontelis` = matrix(
    c(
      7.17817135e-03,
      -6.02136192e-03,
      2.44122583e-04,
      6.08266183e-06,
      -6.02136192e-03,
      6.30299382e-03,
      -9.79772749e-05,
      -2.56177143e-05,
      2.44122583e-04,
      -9.79772749e-05,
      3.00687204e-05,
      -1.18513881e-07,
      6.08266183e-06,
      -2.56177143e-05,
      -1.18513881e-07,
      4.49479242e-06
    ),
    nrow = 4,
    byrow = TRUE
  ),

  `Fontelis` = matrix(
    c(
      2.14271911e-03,
      -2.01395158e-03,
      1.68859556e-05,
      3.28186232e-05,
      -2.01395158e-03,
      2.14643784e-03,
      -1.03457411e-05,
      -2.28110859e-05,
      1.68859556e-05,
      -1.03457411e-05,
      2.69576341e-06,
      4.26236770e-09,
      3.28186232e-05,
      -2.28110859e-05,
      4.26236770e-09,
      3.73378690e-06
    ),
    nrow = 4,
    byrow = TRUE
  ),

  `Headline` = matrix(
    c(
      5.73357195e-03,
      -5.28080185e-03,
      7.83754475e-05,
      -2.01987914e-05,
      -5.28080185e-03,
      8.15871662e-03,
      1.07531105e-04,
      -9.01589704e-06,
      7.83754475e-05,
      1.07531105e-04,
      3.67152436e-05,
      8.93036112e-07,
      -2.01987914e-05,
      -9.01589704e-06,
      8.93036112e-07,
      1.33581568e-05
    ),
    nrow = 4,
    byrow = TRUE
  ),

  `Priaxor` = matrix(
    c(
      3.58068769e-03,
      -3.27763351e-03,
      3.91772773e-05,
      -1.80827115e-05,
      -3.27763351e-03,
      5.18377960e-03,
      6.49855822e-05,
      1.77493620e-05,
      3.91772773e-05,
      6.49855822e-05,
      1.38080683e-05,
      2.94048829e-07,
      -1.80827115e-05,
      1.77493620e-05,
      2.94048829e-07,
      6.42860400e-06
    ),
    nrow = 4,
    byrow = TRUE
  ),

  `Quadris` = matrix(
    c(
      3.24360687e-03,
      -3.12331591e-03,
      5.19723160e-05,
      1.73364191e-05,
      -3.12331591e-03,
      4.42221176e-03,
      9.33130387e-06,
      -2.08422102e-05,
      5.19723160e-05,
      9.33130387e-06,
      2.81583873e-05,
      -2.76278130e-06,
      1.73364191e-05,
      -2.08422102e-05,
      -2.76278130e-06,
      8.15293496e-06
    ),
    nrow = 4,
    byrow = TRUE
  )
)
